0	52.6316	105.263	157.895	210.526	263.158	315.789	368.421	421.053	473.684	526.316	578.947	631.579	684.211	736.842	789.474	842.105	894.737	947.368	1000
5	14.1509	9.06068	7.82577	8.18599	8.48155	8.45793	8.41004	8.4077	8.4148	8.41609	8.4152	8.41493	8.41506	8.41515	8.41516	8.41517	8.41519	8.41521	8.41522
10	2.39073	1.93415	1.26422	1.05058	1.08819	1.12328	1.12135	1.11563	1.11524	1.11611	1.11632	1.11626	1.11626	1.1163	1.11634	1.11637	1.1164	1.11642	1.11644
10	11.6276	14.0998	16.3499	18.2858	20.1419	22.0482	23.9711	25.8878	27.8004	29.7129	31.6255	33.5378	35.4495	37.3609	39.2721	41.1829	43.0935	45.0039	46.9141
0.001	0.0730762	0.0800995	0.212132	0.382602	0.236157	0.179737	0.168144	0.163859	0.160379	0.158456	0.157773	0.157543	0.157409	0.1573	0.157201	0.157096	0.156978	0.156851	0.156717
3	0.0463158	0.0672687	0.114029	0.0957186	0.0642118	0.0542017	0.0514143	0.0498308	0.0487966	0.0483292	0.0481677	0.0481023	0.0480613	0.0480283	0.0479957	0.0479588	0.0479168	0.0478709	0.0478226
1	0.0988902	0.215709	0.258042	0.232166	0.197887	0.17847	0.170504	0.167273	0.165745	0.165026	0.164736	0.164629	0.164587	0.164569	0.164563	0.164562	0.164563	0.164564	0.164565
0.0002	0.33716	0.447585	0.68283	0.624536	0.461305	0.399881	0.382652	0.373278	0.366988	0.364079	0.363079	0.362671	0.362385	0.362126	0.361853	0.361542	0.361192	0.360814	0.360419
7	4.36114	4.67042	4.0383	3.8443	4.09008	4.25485	4.30725	4.3237	4.33658	4.34578	4.35001	4.35119	4.35096	4.34994	4.34836	4.34643	4.34431	4.3421	4.33987
0.5	1.13577	1.49573	2.02907	1.90612	1.47635	1.28345	1.22558	1.19388	1.1721	1.16159	1.15783	1.15643	1.15573	1.15532	1.15502	1.15468	1.15428	1.15381	1.1533
1	1.10417	1.36164	1.87532	1.86398	1.40361	1.15827	1.08278	1.04678	1.02202	1.00922	1.00438	1.00263	1.00182	1.00139	1.00111	1.00083	1.00048	1.00007	0.99961
3	1.80433	3.3657	3.6228	2.46083	1.81245	1.60899	1.53441	1.48248	1.45127	1.43838	1.43391	1.43192	1.43072	1.42984	1.429	1.42803	1.42692	1.42569	1.4244
0.0004	2.11889	3.87909	4.62572	3.14741	2.28206	2.00695	1.90964	1.84312	1.80202	1.78461	1.77856	1.77595	1.77441	1.77333	1.77231	1.77115	1.76981	1.76833	1.76676
6	3.28504	2.29801	2.07291	1.89639	1.63462	1.42702	1.29851	1.22041	1.17131	1.14154	1.12456	1.11501	1.10932	1.1055	1.10247	1.09968	1.09686	1.09394	1.0909
0.3	0.78116	0.778028	0.776661	0.772898	0.767483	0.763487	0.761236	0.759778	0.758784	0.758196	0.75791	0.757822	0.757864	0.757994	0.758185	0.758414	0.758667	0.758933	0.759203
0.3	3.34637	3.42729	3.43691	3.47215	3.5184	3.52681	3.50964	3.484	3.45518	3.4245	3.39334	3.36287	3.33366	3.30594	3.27977	3.25514	3.232	3.21027	3.18987
0.3	0.367753	0.449924	0.51284	0.560932	0.599729	0.630573	0.653461	0.669464	0.680018	0.686346	0.689438	0.690112	0.689032	0.686714	0.683552	0.679843	0.675805	0.6716	0.667342
0.08	0.48868	0.368264	0.394414	0.489031	0.565135	0.589735	0.602393	0.611772	0.61706	0.619518	0.620658	0.621124	0.621145	0.620872	0.620422	0.619869	0.619258	0.618618	0.61797
0.1	0.674446	0.810686	0.87629	1.1167	1.35235	1.43768	1.45869	1.46817	1.47554	1.47954	1.48102	1.48156	1.48188	1.48218	1.4825	1.48288	1.48334	1.48385	1.4844
3.16228e-06	1.05558e-06	6.40648e-07	1.11795e-06	1.7376e-06	1.72395e-06	1.61731e-06	1.60727e-06	1.62202e-06	1.62538e-06	1.62344e-06	1.62259e-06	1.62269e-06	1.62275e-06	1.62266e-06	1.62257e-06	1.62251e-06	1.62246e-06	1.62241e-06	1.62236e-06
0.1	0.242352	0.350249	0.448514	0.662383	0.951993	1.17111	1.30772	1.39539	1.45187	1.48699	1.50835	1.52128	1.52902	1.53354	1.53607	1.5374	1.538	1.53818	1.53811
0	0	0	0	0	0	0	0	0	0	0	0	0	0	0	0	0	0	0	0
40	14.1511	9.06196	7.82726	8.18736	8.48287	8.45927	8.41138	8.40904	8.41615	8.41743	8.41654	8.41627	8.4164	8.41649	8.4165	8.41651	8.41653	8.41655	8.41657
1e-06	1.12261e-06	1.17649e-06	1.11626e-06	1.0668e-06	1.06769e-06	1.07489e-06	1.07559e-06	1.07456e-06	1.07433e-06	1.07447e-06	1.07452e-06	1.07452e-06	1.07451e-06	1.07452e-06	1.07453e-06	1.07453e-06	1.07453e-06	1.07454e-06	1.07454e-06
4e-08	3.59131e-08	3.41171e-08	3.61248e-08	3.77733e-08	3.77436e-08	3.75036e-08	3.74802e-08	3.75145e-08	3.75223e-08	3.75178e-08	3.75158e-08	3.75161e-08	3.75162e-08	3.7516e-08	3.75158e-08	3.75156e-08	3.75155e-08	3.75154e-08	3.75153e-08
3	0.0198471	0.00308663	0.00658228	0.018632	0.0204111	0.0176755	0.0171372	0.0174555	0.017578	0.0175419	0.0175166	0.0175169	0.0175188	0.0175172	0.0175151	0.0175136	0.0175124	0.0175112	0.0175102
0.2	0.123604	0.2301	0.243338	0.217788	0.193081	0.180051	0.174777	0.172527	0.171426	0.170921	0.170725	0.170653	0.170624	0.170612	0.170609	0.170608	0.170609	0.17061	0.170611
0.08	0.0487194	0.0365619	0.0389259	0.0482195	0.0558727	0.0583617	0.0596219	0.0605578	0.0610883	0.0613354	0.0614498	0.061497	0.0614998	0.0614732	0.0614288	0.0613742	0.0613139	0.0612505	0.0611863
0.1	0.769237	0.695991	0.705148	0.838314	0.885322	0.877819	0.871665	0.872248	0.873309	0.873346	0.873176	0.873136	0.873144	0.873139	0.873126	0.873115	0.873106	0.873098	0.873091
0	67.6718	104.507	132.062	158.978	187.398	216.153	244.706	273.18	301.673	330.179	358.685	387.188	415.691	444.194	472.697	501.201	529.704	558.207	586.71
0	1.5146	0.938531	0.785882	0.812904	0.846845	0.846671	0.841444	0.840828	0.841558	0.841747	0.841663	0.841627	0.841639	0.841648	0.84165	0.841651	0.841653	0.841655	0.841657
0	3.06664	2.65731	2.67029	2.81652	2.83696	2.81496	2.80939	2.81202	2.8132	2.81293	2.81269	2.81269	2.81271	2.8127	2.81268	2.81267	2.81266	2.81265	2.81264
0	29.0977	45.5634	46.1405	32.7017	27.9833	28.3621	28.8323	28.785	28.6971	28.6926	28.7063	28.7098	28.7093	28.7097	28.7109	28.7118	28.7126	28.7132	28.7139
2	2	2	2	2	2	2	2	2	2	2	2	2	2	2	2	2	2	2	2
8	12.8355	10.8181	8.52953	7.36397	7.08822	7.07816	7.06387	7.04443	7.03752	7.03736	7.03767	7.03753	7.03745	7.0375	7.03757	7.03763	7.03768	7.03773	7.03778
100	100	100	100	100	100	100	100	100	100	100	100	100	100	100	100	100	100	100	100
0.2	6.33548	6.00711	4.8404	4.08661	3.82886	3.78788	3.77495	3.76156	3.75503	3.75369	3.75358	3.75344	3.75334	3.75333	3.75337	3.7534	3.75342	3.75345	3.75347
0.2	1.64612	2.63193	2.64733	2.34051	2.08808	1.96511	1.91639	1.89489	1.88426	1.87954	1.87776	1.8771	1.87683	1.87672	1.87669	1.87669	1.8767	1.87671	1.87673
0.1	2.5704	3.2033	3.40169	3.79389	4.40771	4.95499	5.34473	5.61956	5.81114	5.93911	6.02151	6.07327	6.10473	6.12273	6.13185	6.13518	6.13477	6.13198	6.12772
0.4	0.4	0.4	0.4	0.4	0.4	0.4	0.4	0.4	0.4	0.4	0.4	0.4	0.4	0.4	0.4	0.4	0.4	0.4	0.4
0.00025	0.000197793	0.000209413	0.000164078	0.000124416	0.000127095	0.000133388	0.000133708	0.000132777	0.000132615	0.000132744	0.000132791	0.000132783	0.000132781	0.000132787	0.000132793	0.000132797	0.0001328	0.000132804	0.000132807
0	5.22067e-05	4.05866e-05	8.59225e-05	0.000125584	0.000122905	0.000116612	0.000116292	0.000117223	0.000117385	0.000117256	0.000117209	0.000117217	0.000117219	0.000117213	0.000117207	0.000117203	0.0001172	0.000117196	0.000117193
0	3.97561e-05	2.38488e-05	4.21577e-05	6.66727e-05	6.61287e-05	6.18529e-05	6.14511e-05	6.20406e-05	6.2175e-05	6.20974e-05	6.20636e-05	6.20676e-05	6.20699e-05	6.20664e-05	6.20628e-05	6.20603e-05	6.20582e-05	6.20562e-05	6.20543e-05
0.08	5.27777e-05	3.87665e-05	0.000104758	0.000201884	0.000193401	0.000174844	0.000173949	0.000176571	0.000177031	0.000176666	0.000176533	0.000176554	0.000176561	0.000176543	0.000176526	0.000176515	0.000176505	0.000176495	0.000176486
0.003	0.00299999	0.00299999	0.00299996	0.00299984	0.00299986	0.00299989	0.00299989	0.00299988	0.00299988	0.00299988	0.00299988	0.00299988	0.00299988	0.00299988	0.00299988	0.00299988	0.00299988	0.00299988	0.00299988
0.00025	0.000247468	0.00024846	0.000247319	0.000245845	0.000245878	0.000246131	0.000246154	0.000246119	0.000246111	0.000246116	0.000246118	0.000246118	0.000246118	0.000246118	0.000246118	0.000246118	0.000246118	0.000246119	0.000246119
0	2.5339e-06	1.54056e-06	2.68291e-06	4.15906e-06	4.12663e-06	3.87311e-06	3.84924e-06	3.88432e-06	3.89231e-06	3.88769e-06	3.88568e-06	3.88592e-06	3.88606e-06	3.88585e-06	3.88563e-06	3.88548e-06	3.88536e-06	3.88524e-06	3.88513e-06
0	2.53072e-06	1.53939e-06	2.67935e-06	4.15045e-06	4.11815e-06	3.86565e-06	3.84187e-06	3.87682e-06	3.88478e-06	3.88018e-06	3.87817e-06	3.87841e-06	3.87855e-06	3.87834e-06	3.87813e-06	3.87798e-06	3.87785e-06	3.87774e-06	3.87763e-06
0	1.58979e-09	5.85883e-10	1.78308e-09	4.30427e-09	4.23698e-09	3.7295e-09	3.68339e-09	3.75124e-09	3.76678e-09	3.7578e-09	3.75389e-09	3.75435e-09	3.75462e-09	3.75421e-09	3.75379e-09	3.75351e-09	3.75326e-09	3.75303e-09	3.75282e-09
